============================================================
TASK 4 LAYER 1 v3: ABS / ESC / AEB HOTSPOT ANALYSIS
Generated: 2026-02-14 23:49:42
DBSCAN: eps=50m (50m), min_samples=4
============================================================

Total safety-system events: 5660

By event type:
  ABS  : 5,103
  ESC  : 446
  AEB  : 111

Field coverage:
  speed          : 5,660 (100.0%)
  accelerationX  : 5,660 (100.0%)
  accelerationY  : 5,660 (100.0%)
  heading        : 5,660 (100.0%)

Speed at trigger (km/h):
  Mean: 30.4  Median: 25.9  Min: 0.0  Max: 159.0  Std: 18.6

Time range: 2022-09-27 18:53:30-04:00 to 2022-10-28 19:47:38-04:00
Unique dates: 32
Unique journeys: 2565
Unique postal codes: 114

Top 10 postal codes:
  14221: 433
  14052: 366
  14086: 250
  14225: 219
  14226: 213
  14094: 208
  14150: 206
  14203: 203
  14216: 180
  14214: 162

--- Spatial Clustering ---
  Radius:     50m
  Min events: 4
  Clusters:   431
  Clustered:  3048 (53.9%)
  Noise:      2612 (46.1%)

--- All 431 Clusters (sorted by event count) ---
    ID   Evt   ABS  ESC  AEB       Lat        Lon    Spd  Days  Trip    ZIP
     0   202    68  134    0  42.76685  -78.64488     28    17    31 14052.0
    26    72    72    0    0  42.94576  -78.72477     28    20    36 14225.0
   254    66    66    0    0  42.92374  -78.62265     33    15    33 14086.0
    86    36    36    0    0  42.88400  -78.86833     36    15    18 14204.0
    60    32    32    0    0  42.99134  -78.78976     36    10    16 14261.0
    85    26    26    0    0  42.94312  -78.84410     43    10    13 14214.0
   116    26    26    0    0  42.88405  -78.76632     43    11    13 14227.0
   255    24    24    0    0  42.92090  -78.63758     29     9    12 14086.0
   271    24    24    0    0  42.92094  -78.64243     32    10    12 14086.0
    53    22    22    0    0  42.82198  -78.63672     37     6    11 14059.0
    34    22    22    0    0  42.92727  -78.75346     39     9    11 14225.0
   159    20    20    0    0  42.89265  -78.88466     36     9    10 14201.0
   100    20     8   12    0  42.72753  -78.64717     33     5     6 14052.0
    49    20    20    0    0  42.93056  -78.89983     75     8    10 14207.0
    63    18    18    0    0  42.87885  -78.87558     26     7     9 14203.0
    72    18    18    0    0  42.89556  -78.81407     52     6     8 14212.0
   180    18    18    0    0  42.96229  -78.81388     33     8     9 14226.0
     5    18    18    0    0  42.88358  -78.87277     15     8     9 14203.0
   366    16    16    0    0  43.00419  -78.85240     25     7     8 14150.0
   163    16    16    0    0  42.93593  -78.88850     28     8     8 14213.0
   184    16    16    0    0  42.97769  -78.72470     14     7     8 14221.0
   236    16    16    0    0  42.91830  -78.65783     17     7     8 14086.0
   147    16    16    0    0  42.93713  -78.88906     19     8     8 14207.0
   225    16    16    0    0  42.96282  -78.67711     17     8     8 14221.0
    99    14    14    0    0  42.77123  -78.59536     15     6     7 14052.0
    46    14    12    2    0  42.87892  -78.87841     56     6     7 14202.0
   129    14    14    0    0  42.88013  -78.87153     47     6     7 14203.0
    16    14    14    0    0  42.88572  -78.87655     18     6     7 14202.0
   151    14    14    0    0  43.08467  -78.78814     16     6     7 14120.0
   117    14    14    0    0  43.04770  -78.49931     47     5     7 14001.0
   404    14    14    0    0  43.28657  -78.71027     22     6     7 14108.0
    31    12    12    0    0  43.20098  -78.88560     41     6     6 14131.0
   322    12    12    0    0  43.00606  -78.64711      6     6     6 14032.0
   317    12    12    0    0  42.94034  -78.84403     20     5     6 14214.0
    51    12    12    0    0  42.88540  -78.86792     22     6     6 14203.0
   160    12    12    0    0  42.99522  -78.74565     14     5     6 14221.0
   210    12    10    2    0  42.95623  -78.69691     36     5     6 14221.0
    11    12    12    0    0  42.93225  -78.85069     28     6     6 14214.0
   253    12    12    0    0  42.99081  -78.80562     20     5     6 14226.0
   235    12    10    2    0  42.92833  -78.85091     25     4     5 14214.0
    93    12    12    0    0  42.95491  -78.87832     33     5     6 14216.0
   139    10    10    0    0  42.89622  -78.85394     44     5     5 14211.0
   258    10    10    0    0  42.87343  -78.81423     64     4     5 14206.0
   144    10    10    0    0  42.95866  -78.87745     44     4     5 14217.0
   110    10     8    2    0  42.91879  -78.73707     25     4     5 14225.0
   114    10    10    0    0  43.18559  -78.75463     16     5     5 14094.0
    42    10     4    6    0  42.94544  -78.87215     37     5     5 14216.0
   320    10    10    0    0  43.25291  -79.03431     56     5     5 14174.0
    36    10     8    2    0  42.99315  -78.78764     71     3     4 14261.0
    29    10    10    0    0  42.93189  -78.90117     29     5     5 14207.0
   391    10    10    0    0  43.00335  -78.64969     15     5     5 14032.0
   310    10     8    2    0  42.87685  -78.69683     20     3     4 14043.0
   227    10    10    0    0  42.99473  -78.87422     53     5     5 14150.0
   146    10    10    0    0  42.90546  -78.72824     39     5     5 14227.0
   198    10    10    0    0  42.86916  -78.82204     30     4     4 14210.0
    17    10    10    0    0  43.12226  -78.69675     22     5     5 14094.0
   212    10    10    0    0  42.87752  -78.86266     47     5     5 14204.0
   197    10    10    0    0  42.98059  -78.82605     30     5     5 14150.0
   189    10    10    0    0  42.95734  -78.81891     32     5     5 14214.0
   149    10    10    0    0  42.88202  -78.64069     17     4     5 14086.0
   416    10    10    0    0  43.00260  -78.85663     23     2     5 14150.0
   242    10    10    0    0  42.90213  -78.83971     31     5     5 14211.0
   228    10    10    0    0  42.82867  -78.78595     26     5     5 14224.0
   148     9     9    0    0  43.00151  -78.82238     44     5     5 14150.0
    32     9     9    0    0  42.99199  -78.82251     36     5     5 14226.0
   410     9     4    0    5  42.99116  -78.78874     39     2     2 14221.0
   311     8     8    0    0  42.98708  -78.81734     22     3     4 14226.0
    10     8     8    0    0  42.89761  -78.81398     33     3     4 14212.0
   195     8     8    0    0  42.87522  -78.87254     25     3     4 14203.0
    14     8     8    0    0  42.89350  -78.86523     39     4     4 14203.0
   190     8     8    0    0  42.91543  -78.87677     30     4     4 14222.0
   219     8     8    0    0  42.99099  -78.82037     20     4     4 14226.0
   174     8     8    0    0  42.95646  -78.78321     26     4     4 14226.0
   215     8     8    0    0  42.95653  -78.71659     68     4     4 14221.0
    62     8     8    0    0  42.86779  -78.71023     51     3     4 14227.0
   341     8     8    0    0  42.80886  -78.82391     23     4     4 14218.0
    76     8     8    0    0  42.94777  -78.87354     43     4     4 14216.0
    70     8     8    0    0  42.91536  -78.86479     20     3     4 14209.0
    74     8     8    0    0  42.93334  -78.90249     96     4     4 14207.0
   326     8     8    0    0  42.87117  -78.82057     54     4     4 14206.0
   222     8     8    0    0  42.19931  -79.74687     17     3     4 14775.0
   238     8     6    2    0  42.73165  -78.64512     15     3     3 14052.0
   221     8     8    0    0  42.89728  -78.87061     43     4     4 14202.0
   164     8     8    0    0  42.95673  -78.87795     35     4     4 14216.0
   162     8     8    0    0  42.92201  -78.49358     33     3     4 14004.0
   126     8     8    0    0  42.78881  -78.72636     30     4     4 14127.0
   121     8     8    0    0  42.92923  -78.85294     30     4     4 14214.0
   138     8     8    0    0  42.68466  -78.56640     20     4     4 14080.0
   131     8     8    0    0  42.89283  -78.86844     21     4     4 14203.0
   125     8     8    0    0  42.88052  -78.87843     46     4     4 14202.0
   306     8     8    0    0  42.84983  -78.78815     83     4     4 14224.0
    84     8     8    0    0  42.99935  -78.63756     21     4     4 14032.0
   283     8     6    2    0  42.94442  -78.67717     28     4     4 14026.0
   293     8     6    2    0  42.94527  -78.90752     40     4     4 14207.0
   109     8     8    0    0  42.09777  -79.29084     14     4     4 14701.0
    94     8     8    0    0  42.98026  -78.85864     24     4     4 14223.0
    83     8     8    0    0  42.82795  -78.80424     21     4     4 14218.0
    90     8     8    0    0  43.08606  -78.69687     62     4     4 14051.0
   248     8     8    0    0  42.96315  -78.78281     40     4     4 14226.0
    39     8     8    0    0  42.95836  -78.87839     27     4     4 14216.0
    23     8     8    0    0  42.97370  -78.85837     34     4     4 14223.0
   376     8     8    0    0  42.88895  -78.88064     54     4     4 14201.0
    40     8     6    2    0  42.92229  -78.84404     64     3     3 14208.0
   393     8     8    0    0  42.88805  -78.86851     44     3     4 14203.0
   327     8     8    0    0  42.92036  -78.86393     29     4     4 14209.0
   132     7     0    0    7  42.99897  -78.95037     49     2     2 14072.0
    97     7     4    0    3  43.17651  -78.85524     30     2     2 14132.0
   419     6     6    0    0  43.00278  -78.85448     12     3     3 14150.0
    55     6     6    0    0  42.97737  -78.86288     12     3     3 14223.0
    59     6     6    0    0  42.83942  -78.63697     22     3     3 14059.0
    61     6     6    0    0  42.90865  -78.88676     31     3     3 14213.0
   343     6     6    0    0  43.00012  -78.71085     16     3     3 14221.0
   350     6     6    0    0  42.97801  -78.80881     16     3     3 14226.0
   353     6     6    0    0  42.97886  -78.71691     17     3     3 14221.0
   358     6     6    0    0  42.83870  -78.80770     34     3     3 14220.0
   378     6     6    0    0  42.63699  -78.90197     19     3     3 14057.0
    18     6     6    0    0  43.05225  -78.80052     13     3     3 14228.0
    19     6     6    0    0  42.92227  -78.87650     27     3     3 14222.0
    21     6     6    0    0  42.99136  -78.71991     27     3     3 14221.0
    27     6     6    0    0  42.96330  -78.84395     13     3     3 14223.0
   387     6     6    0    0  43.00570  -78.82231     31     3     3 14150.0
    33     6     6    0    0  43.20984  -78.79785     35     3     3 14094.0
    30     6     6    0    0  42.94267  -78.85639     26     3     3 14216.0
    41     6     6    0    0  42.92227  -78.86796     26     3     3 14209.0
    47     6     6    0    0  42.89314  -78.86660     74     3     3 14203.0
   374     6     2    0    4  42.80262  -78.60595     27     1     1 14052.0
    38     6     6    0    0  42.94336  -78.88363     28     3     3 14207.0
   361     6     2    2    2  42.57205  -79.08331     83     1     1 14081.0
   360     6     6    0    0  42.90226  -78.67381     26     3     3 14086.0
   359     6     6    0    0  43.10214  -78.97963     17     3     3 14304.0
   394     6     6    0    0  42.11410  -79.21671     49     3     3 14701.0
    68     6     2    4    0  42.76850  -78.64703     38     2     2 14052.0
    71     6     2    0    4  42.13004  -79.24173     32     1     1 14701.0
    66     6     6    0    0  42.94299  -78.87848     40     3     3 14207.0
    73     6     6    0    0  43.05142  -78.71392     19     3     3 14051.0
    77     6     6    0    0  42.91862  -78.69680     25     3     3 14043.0
    78     6     6    0    0  42.94105  -78.81368     42     3     3 14215.0
    75     6     6    0    0  42.37952  -79.34718     16     3     3 14063.0
   334     6     6    0    0  42.89441  -78.86164     80     2     3 14204.0
    54     6     6    0    0  42.89734  -78.86825     39     3     3 14203.0
   269     6     6    0    0  42.79614  -78.79466     43     3     3 14127.0
   270     6     6    0    0  42.99881  -78.69709     18     3     3 14221.0
   260     6     6    0    0  42.96505  -78.68265     19     3     3 14221.0
   263     6     6    0    0  42.94064  -78.83767     43     2     3 14214.0
   120     6     6    0    0  42.89961  -78.87602     14     3     3 14201.0
   128     6     6    0    0  42.94759  -78.84169     18     3     3 14216.0
   243     6     6    0    0  42.77793  -78.78941     27     3     3 14127.0
   301     6     6    0    0  42.77021  -78.81120     53     3     3 14075.0
   304     6     6    0    0  42.96583  -78.72640      9     2     3 14221.0
    87     6     6    0    0  42.96344  -78.87871     23     3     3 14217.0
    88     6     4    2    0  42.94777  -78.87650     31     3     3 14216.0
    95     6     6    0    0  43.05292  -78.72797     57     3     3 14051.0
   309     6     6    0    0  43.09931  -78.94118     30     3     3 14304.0
    92     6     6    0    0  42.87601  -78.79287     84     3     3 14206.0
   296     6     6    0    0  42.80459  -78.66070     17     3     3 14059.0
   104     6     6    0    0  42.77168  -78.63365     45     3     3 14052.0
   299     6     6    0    0  42.94781  -78.86858     31     3     3 14216.0
   281     6     6    0    0  43.00957  -78.65256      5     3     3 14032.0
    98     6     6    0    0  43.04616  -78.70692     14     3     3 14051.0
   279     6     6    0    0  42.95072  -78.82636     36     3     3 14214.0
   277     6     2    4    0  42.93017  -78.85444     38     2     2 14214.0
   275     6     6    0    0  42.90348  -78.88784     34     3     3 14201.0
   274     6     6    0    0  43.06019  -78.84126     35     3     3 14120.0
   133     6     6    0    0  42.91603  -78.80534     40     3     3 14211.0
   141     6     2    0    4  42.97951  -78.79824     28     1     2 14226.0
   142     6     6    0    0  42.98022  -78.81454     45     3     3 14226.0
   252     6     6    0    0  42.97169  -78.67708     19     3     3 14221.0
   249     6     6    0    0  42.62905  -78.73697     38     3     3 14025.0
   251     6     6    0    0  43.11004  -79.03095     43     3     3 14305.0
   245     6     6    0    0  42.89544  -78.87297     36     3     3 14202.0
   233     6     6    0    0  42.89450  -78.86659     30     3     3 14203.0
   155     6     6    0    0  43.01239  -78.82190     29     3     3 14228.0
   153     6     4    2    0  43.15958  -78.69685     34     3     3 14094.0
   130     6     6    0    0  43.12200  -79.03565     23     3     3 14305.0
   158     6     6    0    0  43.18250  -78.76708      7     3     3 14094.0
   241     6     6    0    0  42.99095  -78.72470     20     3     3 14221.0
   175     6     6    0    0  42.91317  -78.67222     25     3     3 14086.0
   171     6     6    0    0  42.80726  -78.75193     14     3     3 14224.0
   237     6     6    0    0  43.17275  -79.03107     41     3     3 14092.0
   166     6     4    2    0  42.93286  -78.73233     16     2     2 14225.0
   169     6     6    0    0  42.95890  -78.81385     45     3     3 14215.0
   172     6     6    0    0  43.12072  -79.04365     17     3     3 14305.0
   231     6     6    0    0  43.11332  -78.71414     17     3     3 14094.0
   185     6     6    0    0  42.99414  -78.87897     36     3     3 14150.0
   188     6     6    0    0  42.88174  -78.87453     12     3     3 14203.0
   193     6     6    0    0  42.89896  -78.87408     34     3     3 14202.0
   179     6     6    0    0  43.12180  -79.03636     26     2     3 14305.0
   202     6     4    2    0  42.98273  -78.69682     22     3     3 14221.0
   206     6     6    0    0  42.80535  -78.69621      8     2     3 14127.0
   207     6     6    0    0  42.91290  -78.67896     27     3     3 14043.0
   196     6     6    0    0  42.97642  -78.86436     12     3     3 14223.0
    12     6     6    0    0  42.94945  -78.76618     65     2     3 14225.0
     9     6     6    0    0  42.90470  -78.81492     32     3     3 14211.0
     3     6     6    0    0  42.88967  -78.87876     22     3     3 14201.0
     2     6     6    0    0  42.95329  -78.85180     23     3     3 14216.0
   403     5     0    0    5  42.95466  -78.76642     48     2     2 14226.0
   276     5     5    0    0  42.91262  -78.73275     61     3     3 14043.0
   229     5     5    0    0  43.05833  -78.83760     28     3     3 14120.0
   224     5     5    0    0  42.88399  -78.87611     31     3     3 14202.0
   389     5     2    0    3  43.25393  -78.98281     44     1     1 14174.0
     8     4     4    0    0  43.00635  -78.64543      9     2     2 14032.0
    15     4     4    0    0  42.89821  -78.83664     32     2     2 14212.0
    13     4     4    0    0  42.98573  -78.86585     11     2     2 14223.0
   405     4     2    2    0  42.71593  -78.63784     45     1     1 14052.0
     4     4     4    0    0  42.89310  -78.75061     29     2     2 14227.0
     7     4     4    0    0  42.95774  -78.67708      9     2     2 14221.0
   402     4     2    2    0  42.90752  -78.75702     17     1     1 14225.0
   409     4     4    0    0  42.81552  -78.75819     17     2     2 14224.0
   411     4     4    0    0  42.83279  -78.80590     32     1     2 14220.0
   412     4     4    0    0  42.79730  -78.83195     31     2     2 14219.0
   413     4     2    0    2  43.22195  -78.71174     56     1     1 14094.0
   414     4     4    0    0  42.95793  -78.81806     21     2     2 14226.0
   415     4     2    2    0  43.00742  -78.92893     45     1     1 14072.0
   417     4     2    2    0  42.63737  -78.96196     24     1     1 14057.0
   194     4     4    0    0  42.91724  -78.68218     12     2     2 14043.0
   199     4     4    0    0  43.04518  -78.87551     29     2     2 14120.0
   200     4     4    0    0  43.17270  -79.03220     24     2     2 14092.0
   201     4     4    0    0  42.97304  -78.87867     46     2     2 14217.0
   203     4     4    0    0  42.88306  -78.88239     42     2     2 14202.0
   204     4     2    2    0  42.96134  -78.66134     26     2     2 14221.0
   205     4     4    0    0  43.16288  -78.78257      7     2     2 14094.0
   208     4     4    0    0  42.70721  -78.67430     27     2     2 14170.0
   209     4     4    0    0  42.97197  -78.66684     17     2     2 14221.0
   178     4     4    0    0  42.94333  -78.86797     29     2     2 14207.0
   181     4     4    0    0  43.17362  -79.02835     61     2     2 14092.0
   182     4     4    0    0  42.73509  -78.91775     13     2     2 14085.0
   183     4     4    0    0  42.84417  -78.67692     16     2     2 14059.0
   186     4     4    0    0  43.08476  -79.06149     10     2     2 14303.0
   187     4     0    0    4  43.03631  -78.82321     21     1     1 14228.0
   191     4     4    0    0  43.00773  -78.85993     24     2     2 14150.0
   192     4     4    0    0  42.88500  -78.87878     16     2     2 14202.0
   211     4     4    0    0  42.78682  -78.70560     16     2     2 14127.0
   213     4     4    0    0  42.43747  -79.34254     16     2     2 14063.0
   214     4     4    0    0  42.89851  -78.50048     18     2     2 14004.0
   216     4     4    0    0  42.99097  -78.81868     30     2     2 14226.0
   217     4     4    0    0  43.03517  -78.86186     21     2     2 14120.0
   406     4     4    0    0  42.87879  -78.86989     50     2     2 14204.0
   407     4     4    0    0  42.94107  -78.87867     16     2     2 14207.0
     6     4     4    0    0  42.97049  -78.68543      5     2     2 14221.0
   223     4     4    0    0  42.91279  -78.81378     25     2     2 14211.0
   220     4     4    0    0  42.07549  -78.43850     13     2     2 14760.0
   218     4     4    0    0  42.97620  -78.61752     20     2     2 14031.0
   167     4     4    0    0  42.73139  -78.82574     16     2     2 14075.0
   170     4     4    0    0  43.01305  -78.83015     12     2     2 14150.0
   173     4     4    0    0  42.88764  -78.67725     14     2     2 14086.0
   176     4     4    0    0  42.83382  -78.69709     62     2     2 14224.0
   165     4     4    0    0  42.79750  -78.74962     30     2     2 14127.0
   177     4     4    0    0  42.97411  -78.76504     52     2     2 14221.0
   226     4     4    0    0  42.88268  -78.80109     16     2     2 14206.0
   230     4     4    0    0  42.82946  -78.77777     17     2     2 14224.0
   232     4     4    0    0  43.08964  -78.98891     15     2     2 14304.0
   234     4     4    0    0  42.95484  -78.77486     41     2     2 14226.0
   239     4     4    0    0  42.95977  -78.76279     11     2     2 14221.0
   240     4     4    0    0  42.94779  -78.86057     60     2     2 14216.0
   168     4     4    0    0  43.04004  -78.86198     11     2     2 14120.0
   152     4     4    0    0  43.11474  -79.03273     26     2     2 14305.0
   154     4     4    0    0  42.74029  -78.79867     24     2     2 14075.0
   156     4     4    0    0  43.15919  -78.64881     15     2     2 14094.0
   157     4     4    0    0  42.94127  -78.80240     29     2     2 14215.0
   161     4     4    0    0  42.89726  -78.83925     20     2     2 14212.0
   134     4     4    0    0  42.97245  -78.82234     41     2     2 14226.0
   135     4     0    4    0  43.13017  -79.02662     55     1     1 14305.0
   136     4     4    0    0  43.17879  -79.02593      6     1     1 14092.0
   137     4     4    0    0  43.00426  -78.64711      3     2     2 14032.0
   140     4     4    0    0  42.99968  -78.64762     38     2     2 14032.0
   143     4     4    0    0  43.14584  -78.68669     26     2     2 14094.0
   145     4     4    0    0  42.92924  -78.89692     24     2     2 14207.0
   244     4     4    0    0  42.76196  -78.82792     22     2     2 14075.0
   246     4     4    0    0  42.89382  -78.62298     31     2     2 14086.0
   247     4     4    0    0  43.06820  -78.77029     46     2     2 14228.0
   150     4     4    0    0  42.91544  -78.87424     19     2     2 14222.0
   250     4     4    0    0  42.92454  -78.77280     48     2     2 14225.0
   256     4     4    0    0  42.91679  -78.69686     24     2     2 14043.0
   115     4     4    0    0  42.79029  -78.78391     17     2     2 14127.0
   257     4     4    0    0  42.97988  -78.81390     28     2     2 14226.0
   119     4     4    0    0  42.94977  -78.63240     21     2     2 14086.0
   122     4     4    0    0  43.03485  -78.76429     27     2     2 14228.0
   123     4     2    2    0  43.17734  -78.67224     28     2     2 14094.0
   118     4     4    0    0  42.91192  -78.88538     20     2     2 14213.0
   127     4     2    2    0  42.73757  -78.62581     34     2     2 14052.0
   259     4     4    0    0  42.94544  -78.85767     50     2     2 14216.0
   261     4     4    0    0  42.95606  -78.67686     15     2     2 14221.0
   262     4     4    0    0  43.29035  -78.69675     17     2     2 14108.0
   264     4     4    0    0  43.08269  -79.04976     16     2     2 14303.0
   265     4     4    0    0  42.94773  -78.88343     43     2     2 14207.0
   266     4     4    0    0  42.93282  -78.84607     26     2     2 14214.0
   124     4     4    0    0  42.50108  -78.43253     17     2     2 14009.0
   267     4     4    0    0  42.92966  -78.82926     15     2     2 14215.0
   268     4     4    0    0  43.00372  -78.82960     14     2     2 14150.0
   272     4     2    2    0  42.98065  -78.84474     16     2     2 14150.0
   273     4     4    0    0  42.94760  -78.84301     38     2     2 14216.0
   278     4     2    2    0  42.82242  -78.60581     41     1     1 14059.0
   280     4     0    4    0  42.96229  -78.66287     22     1     1 14221.0
   282     4     2    2    0  43.01024  -78.64716     34     2     2 14032.0
   284     4     4    0    0  42.85942  -78.82520     26     2     2 14220.0
   285     4     4    0    0  42.98982  -78.87350     53     2     2 14150.0
   286     4     2    2    0  42.90911  -78.76588     74     1     2 14225.0
   287     4     4    0    0  42.02832  -78.33902     14     2     2 14770.0
   288     4     4    0    0  43.01708  -78.66252     41     2     2 14051.0
   289     4     4    0    0  43.00487  -78.82241     50     2     2 14150.0
   101     4     2    2    0  42.72613  -78.60813     29     1     1 14052.0
   102     4     2    2    0  42.70444  -78.60839     32     1     1 14052.0
   408     4     4    0    0  42.76711  -78.63125     30     2     2 14052.0
   103     4     2    2    0  43.03037  -78.69801     16     2     2 14051.0
   105     4     4    0    0  42.87687  -78.87393     46     2     2 14203.0
   107     4     4    0    0  42.95678  -78.87016     39     2     2 14216.0
   106     4     2    2    0  42.93230  -78.76899     53     2     2 14225.0
   111     4     4    0    0  42.91126  -78.86914     49     2     2 14209.0
   112     4     4    0    0  42.98879  -78.74850     14     2     2 14221.0
   113     4     4    0    0  42.75827  -78.88440     30     2     2 14075.0
   108     4     4    0    0  42.84271  -78.79085     36     2     2 14224.0
   291     4     4    0    0  42.91005  -78.86641     31     2     2 14209.0
   292     4     4    0    0  42.94178  -78.86778     34     2     2 14216.0
   294     4     4    0    0  42.78108  -78.64632     25     2     2 14052.0
   295     4     2    2    0  42.82606  -78.79143     75     1     1 14218.0
   297     4     4    0    0  42.93711  -78.88780     80     2     2 14207.0
   298     4     4    0    0  42.92199  -78.84685     31     2     2 14208.0
   300     4     4    0    0  42.99198  -78.73945     24     2     2 14221.0
   290     4     4    0    0  42.98419  -78.87282     23     2     2 14217.0
   303     4     4    0    0  42.93802  -78.83921     29     2     2 14214.0
   305     4     4    0    0  42.88422  -78.77580     46     2     2 14227.0
    82     4     4    0    0  42.92853  -78.69706     15     1     2 14043.0
    89     4     4    0    0  43.22686  -78.67878     14     2     2 14094.0
    91     4     4    0    0  42.36054  -79.04889     17     2     2 14138.0
    96     4     4    0    0  42.87200  -78.87212     23     2     2 14203.0
   307     4     4    0    0  42.74530  -78.89852     15     2     2 14075.0
   308     4     4    0    0  42.87775  -78.79261      2     2     2 14206.0
   312     4     4    0    0  42.88141  -78.87292     28     2     2 14203.0
   313     4     4    0    0  42.97973  -78.87862     38     2     2 14217.0
   314     4     4    0    0  43.00714  -78.90179     27     2     2 14150.0
   315     4     4    0    0  42.87365  -78.85833     59     2     2 14204.0
   316     4     4    0    0  43.06959  -78.87766     15     2     2 14120.0
   318     4     4    0    0  43.04554  -78.86495     16     2     2 14120.0
   319     4     4    0    0  42.95655  -78.77330     30     2     2 14226.0
   302     4     4    0    0  42.96730  -78.86798     37     2     2 14217.0
    67     4     4    0    0  43.22000  -78.91083     18     2     2 14131.0
    69     4     4    0    0  43.10412  -78.77296     24     2     2 14094.0
    79     4     4    0    0  42.72707  -78.79643     19     2     2 14127.0
    80     4     2    2    0  42.70484  -78.62316     39     1     1 14052.0
    81     4     4    0    0  42.75307  -78.84791     20     2     2 14075.0
   323     4     4    0    0  42.85417  -78.75475     46     2     2 14224.0
   324     4     4    0    0  42.99063  -78.85279     27     2     2 14150.0
   325     4     4    0    0  42.98735  -78.91403     65     2     2 14150.0
   328     4     4    0    0  43.10718  -79.00626     21     2     2 14304.0
   329     4     4    0    0  42.93008  -78.73844     54     2     2 14225.0
   330     4     2    2    0  42.99912  -78.74427     13     2     2 14221.0
   331     4     4    0    0  43.05743  -78.87762     10     2     2 14120.0
   332     4     4    0    0  43.04136  -78.71360     15     2     2 14051.0
   333     4     4    0    0  42.11904  -79.69404     16     2     2 14724.0
   335     4     4    0    0  43.01935  -78.73793     22     2     2 14221.0
   336     4     4    0    0  42.84220  -78.75437     42     2     2 14224.0
   337     4     4    0    0  42.93685  -78.90098     40     2     2 14207.0
   338     4     4    0    0  42.94521  -78.76100     17     2     2 14225.0
   339     4     4    0    0  42.88389  -78.87980     20     1     1 14202.0
   340     4     4    0    0  42.92810  -78.86937     44     2     2 14209.0
   342     4     4    0    0  42.87623  -78.87722     27     2     2 14203.0
   344     4     4    0    0  42.89829  -78.89751     69     2     2 14201.0
   345     4     4    0    0  42.91596  -78.75820     20     2     2 14225.0
   346     4     4    0    0  42.78932  -78.71419     30     2     2 14127.0
   347     4     0    0    4  43.06070  -78.84050     14     1     1 14120.0
   348     4     4    0    0  42.88805  -78.70868     34     2     2 14043.0
   349     4     2    2    0  42.93296  -78.78497     16     1     1 14215.0
   351     4     4    0    0  42.31199  -78.87031     13     2     2 14719.0
   352     4     2    2    0  43.17491  -78.72186     56     2     2 14094.0
    50     4     4    0    0  42.98790  -78.82278     54     2     2 14150.0
    52     4     4    0    0  43.08835  -78.98303     22     2     2 14304.0
   321     4     4    0    0  42.97689  -78.68617      3     2     2 14221.0
    56     4     4    0    0  42.76839  -78.61150     19     2     2 14052.0
    57     4     4    0    0  42.93604  -78.85188     11     2     2 14216.0
    64     4     4    0    0  42.66255  -78.89116     20     2     2 14057.0
    58     4     4    0    0  42.95960  -78.76462     39     2     2 14221.0
   354     4     4    0    0  42.76580  -78.82422     64     2     2 14075.0
   355     4     4    0    0  42.93141  -78.81457     42     2     2 14215.0
   356     4     2    2    0  42.87908  -78.85444     31     1     1 14204.0
    65     4     4    0    0  42.93728  -78.87844     53     2     2 14216.0
   362     4     4    0    0  42.95997  -78.78398     19     2     2 14226.0
   363     4     4    0    0  42.94036  -78.84793     45     2     2 14214.0
   364     4     4    0    0  43.01114  -78.69636     18     2     2 14051.0
   365     4     4    0    0  42.78089  -78.81138     19     2     2 14219.0
   367     4     4    0    0  42.90367  -78.84014     37     2     2 14211.0
   368     4     4    0    0  42.99646  -78.85239     49     2     2 14150.0
   369     4     4    0    0  42.87760  -78.79186     51     1     2 14206.0
   357     4     2    2    0  43.17253  -78.98986     47     1     1 14092.0
    37     4     4    0    0  42.09744  -79.29503     24     2     2 14701.0
    43     4     4    0    0  42.93315  -78.81373     15     2     2 14215.0
    44     4     4    0    0  43.08652  -78.72767     37     2     2 14094.0
    45     4     2    0    2  43.06682  -78.77087     49     1     1 14228.0
    48     4     0    4    0  42.93044  -78.76107    124     2     2 14225.0
   370     4     4    0    0  42.80389  -78.75269     18     2     2 14127.0
   371     4     4    0    0  42.44152  -78.91346     34     2     2 14070.0
   372     4     4    0    0  42.79674  -78.75141     14     2     2 14127.0
   373     4     4    0    0  42.97029  -78.81086     31     2     2 14226.0
   375     4     0    0    4  43.00339  -78.82822     29     1     1 14150.0
   377     4     4    0    0  42.75366  -78.60696     43     2     2 14052.0
   379     4     2    2    0  42.63630  -78.87184     27     1     1 14057.0
   380     4     4    0    0  42.53894  -78.95553     19     2     2 14091.0
   381     4     4    0    0  42.97515  -78.87866     46     2     2 14217.0
   382     4     4    0    0  42.90897  -78.82721     30     2     2 14211.0
    35     4     4    0    0  42.90406  -78.66779     15     2     2 14086.0
   383     4     4    0    0  43.12188  -79.04547     37     2     2 14305.0
   384     4     4    0    0  42.91473  -78.86469     46     2     2 14209.0
    20     4     4    0    0  42.92400  -78.89301     38     2     2 14213.0
   385     4     4    0    0  42.87701  -78.78472     38     2     2 14206.0
    24     4     4    0    0  43.20235  -78.82565     49     2     2 14094.0
    25     4     4    0    0  42.93149  -78.85339     28     2     2 14214.0
    28     4     4    0    0  42.86799  -78.69880     20     2     2 14043.0
    22     4     4    0    0  42.99596  -78.69971     21     2     2 14221.0
   386     4     4    0    0  42.96496  -78.67747     29     2     2 14221.0
   388     4     2    2    0  42.69758  -78.59717     45     1     1 14139.0
   390     4     4    0    0  42.95234  -78.87818     24     2     2 14216.0
   392     4     4    0    0  42.94935  -78.82194     27     1     2 14214.0
   395     4     4    0    0  42.75459  -78.68166      7     2     2 14052.0
   396     4     4    0    0  42.78438  -78.81315     24     2     2 14219.0
   397     4     4    0    0  42.90284  -78.67055     24     2     2 14086.0
   398     4     4    0    0  42.89958  -78.87510     15     1     2 14201.0
   399     4     4    0    0  42.94870  -78.79819     18     2     2 14215.0
   400     4     4    0    0  42.88568  -78.87564     17     2     2 14202.0
   401     4     4    0    0  42.67371  -78.87652     39     2     2 14057.0
   418     4     2    0    2  42.75839  -78.53138     20     1     1 14052.0
     1     4     2    0    2  42.09527  -78.46883     40     1     1 14706.0
   420     4     4    0    0  42.93747  -78.69078     12     2     2 14026.0
   421     4     0    0    4  42.66919  -78.71822     25     1     1 14033.0
   422     4     4    0    0  42.08594  -78.44798     52     2     2 14760.0
   423     4     0    0    4  43.04451  -78.82203     34     1     1 14228.0
   424     4     4    0    0  42.91630  -78.67221     31     2     2 14086.0
   425     4     4    0    0  43.30725  -78.69675     19     2     2 14028.0
   426     4     2    2    0  43.00105  -78.83704     71     1     1 14150.0
   427     4     4    0    0  43.17634  -78.69514     31     2     2 14094.0
   428     4     2    0    2  43.20472  -78.52042     59     1     1 14067.0
   429     4     2    2    0  42.86630  -78.79186     72     1     1 14224.0
   430     4     2    0    2  43.08206  -78.99062     84     1     1 14304.0

--- Persistent Hotspots (events on 3+ different dates) ---
  Count: 181
  Cluster #0: 202 events, 17 dates, 31 trips, avg speed 28 km/h, ZIP 14052.0, (42.76685, -78.64488)
  Cluster #26: 72 events, 20 dates, 36 trips, avg speed 28 km/h, ZIP 14225.0, (42.94576, -78.72477)
  Cluster #254: 66 events, 15 dates, 33 trips, avg speed 33 km/h, ZIP 14086.0, (42.92374, -78.62265)
  Cluster #86: 36 events, 15 dates, 18 trips, avg speed 36 km/h, ZIP 14204.0, (42.88400, -78.86833)
  Cluster #60: 32 events, 10 dates, 16 trips, avg speed 36 km/h, ZIP 14261.0, (42.99134, -78.78976)
  Cluster #85: 26 events, 10 dates, 13 trips, avg speed 43 km/h, ZIP 14214.0, (42.94312, -78.84410)
  Cluster #116: 26 events, 11 dates, 13 trips, avg speed 43 km/h, ZIP 14227.0, (42.88405, -78.76632)
  Cluster #255: 24 events, 9 dates, 12 trips, avg speed 29 km/h, ZIP 14086.0, (42.92090, -78.63758)
  Cluster #271: 24 events, 10 dates, 12 trips, avg speed 32 km/h, ZIP 14086.0, (42.92094, -78.64243)
  Cluster #53: 22 events, 6 dates, 11 trips, avg speed 37 km/h, ZIP 14059.0, (42.82198, -78.63672)
  Cluster #34: 22 events, 9 dates, 11 trips, avg speed 39 km/h, ZIP 14225.0, (42.92727, -78.75346)
  Cluster #159: 20 events, 9 dates, 10 trips, avg speed 36 km/h, ZIP 14201.0, (42.89265, -78.88466)
  Cluster #100: 20 events, 5 dates, 6 trips, avg speed 33 km/h, ZIP 14052.0, (42.72753, -78.64717)
  Cluster #49: 20 events, 8 dates, 10 trips, avg speed 75 km/h, ZIP 14207.0, (42.93056, -78.89983)
  Cluster #63: 18 events, 7 dates, 9 trips, avg speed 26 km/h, ZIP 14203.0, (42.87885, -78.87558)
  Cluster #72: 18 events, 6 dates, 8 trips, avg speed 52 km/h, ZIP 14212.0, (42.89556, -78.81407)
  Cluster #180: 18 events, 8 dates, 9 trips, avg speed 33 km/h, ZIP 14226.0, (42.96229, -78.81388)
  Cluster #5: 18 events, 8 dates, 9 trips, avg speed 15 km/h, ZIP 14203.0, (42.88358, -78.87277)
  Cluster #366: 16 events, 7 dates, 8 trips, avg speed 25 km/h, ZIP 14150.0, (43.00419, -78.85240)
  Cluster #163: 16 events, 8 dates, 8 trips, avg speed 28 km/h, ZIP 14213.0, (42.93593, -78.88850)
  Cluster #184: 16 events, 7 dates, 8 trips, avg speed 14 km/h, ZIP 14221.0, (42.97769, -78.72470)
  Cluster #236: 16 events, 7 dates, 8 trips, avg speed 17 km/h, ZIP 14086.0, (42.91830, -78.65783)
  Cluster #147: 16 events, 8 dates, 8 trips, avg speed 19 km/h, ZIP 14207.0, (42.93713, -78.88906)
  Cluster #225: 16 events, 8 dates, 8 trips, avg speed 17 km/h, ZIP 14221.0, (42.96282, -78.67711)
  Cluster #99: 14 events, 6 dates, 7 trips, avg speed 15 km/h, ZIP 14052.0, (42.77123, -78.59536)
  Cluster #46: 14 events, 6 dates, 7 trips, avg speed 56 km/h, ZIP 14202.0, (42.87892, -78.87841)
  Cluster #129: 14 events, 6 dates, 7 trips, avg speed 47 km/h, ZIP 14203.0, (42.88013, -78.87153)
  Cluster #16: 14 events, 6 dates, 7 trips, avg speed 18 km/h, ZIP 14202.0, (42.88572, -78.87655)
  Cluster #151: 14 events, 6 dates, 7 trips, avg speed 16 km/h, ZIP 14120.0, (43.08467, -78.78814)
  Cluster #117: 14 events, 5 dates, 7 trips, avg speed 47 km/h, ZIP 14001.0, (43.04770, -78.49931)
  Cluster #404: 14 events, 6 dates, 7 trips, avg speed 22 km/h, ZIP 14108.0, (43.28657, -78.71027)
  Cluster #31: 12 events, 6 dates, 6 trips, avg speed 41 km/h, ZIP 14131.0, (43.20098, -78.88560)
  Cluster #322: 12 events, 6 dates, 6 trips, avg speed 6 km/h, ZIP 14032.0, (43.00606, -78.64711)
  Cluster #317: 12 events, 5 dates, 6 trips, avg speed 20 km/h, ZIP 14214.0, (42.94034, -78.84403)
  Cluster #51: 12 events, 6 dates, 6 trips, avg speed 22 km/h, ZIP 14203.0, (42.88540, -78.86792)
  Cluster #160: 12 events, 5 dates, 6 trips, avg speed 14 km/h, ZIP 14221.0, (42.99522, -78.74565)
  Cluster #210: 12 events, 5 dates, 6 trips, avg speed 36 km/h, ZIP 14221.0, (42.95623, -78.69691)
  Cluster #11: 12 events, 6 dates, 6 trips, avg speed 28 km/h, ZIP 14214.0, (42.93225, -78.85069)
  Cluster #253: 12 events, 5 dates, 6 trips, avg speed 20 km/h, ZIP 14226.0, (42.99081, -78.80562)
  Cluster #235: 12 events, 4 dates, 5 trips, avg speed 25 km/h, ZIP 14214.0, (42.92833, -78.85091)
  Cluster #93: 12 events, 5 dates, 6 trips, avg speed 33 km/h, ZIP 14216.0, (42.95491, -78.87832)
  Cluster #139: 10 events, 5 dates, 5 trips, avg speed 44 km/h, ZIP 14211.0, (42.89622, -78.85394)
  Cluster #258: 10 events, 4 dates, 5 trips, avg speed 64 km/h, ZIP 14206.0, (42.87343, -78.81423)
  Cluster #144: 10 events, 4 dates, 5 trips, avg speed 44 km/h, ZIP 14217.0, (42.95866, -78.87745)
  Cluster #110: 10 events, 4 dates, 5 trips, avg speed 25 km/h, ZIP 14225.0, (42.91879, -78.73707)
  Cluster #114: 10 events, 5 dates, 5 trips, avg speed 16 km/h, ZIP 14094.0, (43.18559, -78.75463)
  Cluster #42: 10 events, 5 dates, 5 trips, avg speed 37 km/h, ZIP 14216.0, (42.94544, -78.87215)
  Cluster #320: 10 events, 5 dates, 5 trips, avg speed 56 km/h, ZIP 14174.0, (43.25291, -79.03431)
  Cluster #36: 10 events, 3 dates, 4 trips, avg speed 71 km/h, ZIP 14261.0, (42.99315, -78.78764)
  Cluster #29: 10 events, 5 dates, 5 trips, avg speed 29 km/h, ZIP 14207.0, (42.93189, -78.90117)
  Cluster #391: 10 events, 5 dates, 5 trips, avg speed 15 km/h, ZIP 14032.0, (43.00335, -78.64969)
  Cluster #310: 10 events, 3 dates, 4 trips, avg speed 20 km/h, ZIP 14043.0, (42.87685, -78.69683)
  Cluster #227: 10 events, 5 dates, 5 trips, avg speed 53 km/h, ZIP 14150.0, (42.99473, -78.87422)
  Cluster #146: 10 events, 5 dates, 5 trips, avg speed 39 km/h, ZIP 14227.0, (42.90546, -78.72824)
  Cluster #198: 10 events, 4 dates, 4 trips, avg speed 30 km/h, ZIP 14210.0, (42.86916, -78.82204)
  Cluster #17: 10 events, 5 dates, 5 trips, avg speed 22 km/h, ZIP 14094.0, (43.12226, -78.69675)
  Cluster #212: 10 events, 5 dates, 5 trips, avg speed 47 km/h, ZIP 14204.0, (42.87752, -78.86266)
  Cluster #197: 10 events, 5 dates, 5 trips, avg speed 30 km/h, ZIP 14150.0, (42.98059, -78.82605)
  Cluster #189: 10 events, 5 dates, 5 trips, avg speed 32 km/h, ZIP 14214.0, (42.95734, -78.81891)
  Cluster #149: 10 events, 4 dates, 5 trips, avg speed 17 km/h, ZIP 14086.0, (42.88202, -78.64069)
  Cluster #242: 10 events, 5 dates, 5 trips, avg speed 31 km/h, ZIP 14211.0, (42.90213, -78.83971)
  Cluster #228: 10 events, 5 dates, 5 trips, avg speed 26 km/h, ZIP 14224.0, (42.82867, -78.78595)
  Cluster #148: 9 events, 5 dates, 5 trips, avg speed 44 km/h, ZIP 14150.0, (43.00151, -78.82238)
  Cluster #32: 9 events, 5 dates, 5 trips, avg speed 36 km/h, ZIP 14226.0, (42.99199, -78.82251)
  Cluster #311: 8 events, 3 dates, 4 trips, avg speed 22 km/h, ZIP 14226.0, (42.98708, -78.81734)
  Cluster #10: 8 events, 3 dates, 4 trips, avg speed 33 km/h, ZIP 14212.0, (42.89761, -78.81398)
  Cluster #195: 8 events, 3 dates, 4 trips, avg speed 25 km/h, ZIP 14203.0, (42.87522, -78.87254)
  Cluster #14: 8 events, 4 dates, 4 trips, avg speed 39 km/h, ZIP 14203.0, (42.89350, -78.86523)
  Cluster #190: 8 events, 4 dates, 4 trips, avg speed 30 km/h, ZIP 14222.0, (42.91543, -78.87677)
  Cluster #219: 8 events, 4 dates, 4 trips, avg speed 20 km/h, ZIP 14226.0, (42.99099, -78.82037)
  Cluster #174: 8 events, 4 dates, 4 trips, avg speed 26 km/h, ZIP 14226.0, (42.95646, -78.78321)
  Cluster #215: 8 events, 4 dates, 4 trips, avg speed 68 km/h, ZIP 14221.0, (42.95653, -78.71659)
  Cluster #62: 8 events, 3 dates, 4 trips, avg speed 51 km/h, ZIP 14227.0, (42.86779, -78.71023)
  Cluster #341: 8 events, 4 dates, 4 trips, avg speed 23 km/h, ZIP 14218.0, (42.80886, -78.82391)
  Cluster #76: 8 events, 4 dates, 4 trips, avg speed 43 km/h, ZIP 14216.0, (42.94777, -78.87354)
  Cluster #70: 8 events, 3 dates, 4 trips, avg speed 20 km/h, ZIP 14209.0, (42.91536, -78.86479)
  Cluster #74: 8 events, 4 dates, 4 trips, avg speed 96 km/h, ZIP 14207.0, (42.93334, -78.90249)
  Cluster #326: 8 events, 4 dates, 4 trips, avg speed 54 km/h, ZIP 14206.0, (42.87117, -78.82057)
  Cluster #222: 8 events, 3 dates, 4 trips, avg speed 17 km/h, ZIP 14775.0, (42.19931, -79.74687)
  Cluster #238: 8 events, 3 dates, 3 trips, avg speed 15 km/h, ZIP 14052.0, (42.73165, -78.64512)
  Cluster #221: 8 events, 4 dates, 4 trips, avg speed 43 km/h, ZIP 14202.0, (42.89728, -78.87061)
  Cluster #164: 8 events, 4 dates, 4 trips, avg speed 35 km/h, ZIP 14216.0, (42.95673, -78.87795)
  Cluster #162: 8 events, 3 dates, 4 trips, avg speed 33 km/h, ZIP 14004.0, (42.92201, -78.49358)
  Cluster #126: 8 events, 4 dates, 4 trips, avg speed 30 km/h, ZIP 14127.0, (42.78881, -78.72636)
  Cluster #121: 8 events, 4 dates, 4 trips, avg speed 30 km/h, ZIP 14214.0, (42.92923, -78.85294)
  Cluster #138: 8 events, 4 dates, 4 trips, avg speed 20 km/h, ZIP 14080.0, (42.68466, -78.56640)
  Cluster #131: 8 events, 4 dates, 4 trips, avg speed 21 km/h, ZIP 14203.0, (42.89283, -78.86844)
  Cluster #125: 8 events, 4 dates, 4 trips, avg speed 46 km/h, ZIP 14202.0, (42.88052, -78.87843)
  Cluster #306: 8 events, 4 dates, 4 trips, avg speed 83 km/h, ZIP 14224.0, (42.84983, -78.78815)
  Cluster #84: 8 events, 4 dates, 4 trips, avg speed 21 km/h, ZIP 14032.0, (42.99935, -78.63756)
  Cluster #283: 8 events, 4 dates, 4 trips, avg speed 28 km/h, ZIP 14026.0, (42.94442, -78.67717)
  Cluster #293: 8 events, 4 dates, 4 trips, avg speed 40 km/h, ZIP 14207.0, (42.94527, -78.90752)
  Cluster #109: 8 events, 4 dates, 4 trips, avg speed 14 km/h, ZIP 14701.0, (42.09777, -79.29084)
  Cluster #94: 8 events, 4 dates, 4 trips, avg speed 24 km/h, ZIP 14223.0, (42.98026, -78.85864)
  Cluster #83: 8 events, 4 dates, 4 trips, avg speed 21 km/h, ZIP 14218.0, (42.82795, -78.80424)
  Cluster #90: 8 events, 4 dates, 4 trips, avg speed 62 km/h, ZIP 14051.0, (43.08606, -78.69687)
  Cluster #248: 8 events, 4 dates, 4 trips, avg speed 40 km/h, ZIP 14226.0, (42.96315, -78.78281)
  Cluster #39: 8 events, 4 dates, 4 trips, avg speed 27 km/h, ZIP 14216.0, (42.95836, -78.87839)
  Cluster #23: 8 events, 4 dates, 4 trips, avg speed 34 km/h, ZIP 14223.0, (42.97370, -78.85837)
  Cluster #376: 8 events, 4 dates, 4 trips, avg speed 54 km/h, ZIP 14201.0, (42.88895, -78.88064)
  Cluster #40: 8 events, 3 dates, 3 trips, avg speed 64 km/h, ZIP 14208.0, (42.92229, -78.84404)
  Cluster #393: 8 events, 3 dates, 4 trips, avg speed 44 km/h, ZIP 14203.0, (42.88805, -78.86851)
  Cluster #327: 8 events, 4 dates, 4 trips, avg speed 29 km/h, ZIP 14209.0, (42.92036, -78.86393)
  Cluster #419: 6 events, 3 dates, 3 trips, avg speed 12 km/h, ZIP 14150.0, (43.00278, -78.85448)
  Cluster #55: 6 events, 3 dates, 3 trips, avg speed 12 km/h, ZIP 14223.0, (42.97737, -78.86288)
  Cluster #59: 6 events, 3 dates, 3 trips, avg speed 22 km/h, ZIP 14059.0, (42.83942, -78.63697)
  Cluster #61: 6 events, 3 dates, 3 trips, avg speed 31 km/h, ZIP 14213.0, (42.90865, -78.88676)
  Cluster #343: 6 events, 3 dates, 3 trips, avg speed 16 km/h, ZIP 14221.0, (43.00012, -78.71085)
  Cluster #350: 6 events, 3 dates, 3 trips, avg speed 16 km/h, ZIP 14226.0, (42.97801, -78.80881)
  Cluster #353: 6 events, 3 dates, 3 trips, avg speed 17 km/h, ZIP 14221.0, (42.97886, -78.71691)
  Cluster #358: 6 events, 3 dates, 3 trips, avg speed 34 km/h, ZIP 14220.0, (42.83870, -78.80770)
  Cluster #378: 6 events, 3 dates, 3 trips, avg speed 19 km/h, ZIP 14057.0, (42.63699, -78.90197)
  Cluster #18: 6 events, 3 dates, 3 trips, avg speed 13 km/h, ZIP 14228.0, (43.05225, -78.80052)
  Cluster #19: 6 events, 3 dates, 3 trips, avg speed 27 km/h, ZIP 14222.0, (42.92227, -78.87650)
  Cluster #21: 6 events, 3 dates, 3 trips, avg speed 27 km/h, ZIP 14221.0, (42.99136, -78.71991)
  Cluster #27: 6 events, 3 dates, 3 trips, avg speed 13 km/h, ZIP 14223.0, (42.96330, -78.84395)
  Cluster #387: 6 events, 3 dates, 3 trips, avg speed 31 km/h, ZIP 14150.0, (43.00570, -78.82231)
  Cluster #33: 6 events, 3 dates, 3 trips, avg speed 35 km/h, ZIP 14094.0, (43.20984, -78.79785)
  Cluster #30: 6 events, 3 dates, 3 trips, avg speed 26 km/h, ZIP 14216.0, (42.94267, -78.85639)
  Cluster #41: 6 events, 3 dates, 3 trips, avg speed 26 km/h, ZIP 14209.0, (42.92227, -78.86796)
  Cluster #47: 6 events, 3 dates, 3 trips, avg speed 74 km/h, ZIP 14203.0, (42.89314, -78.86660)
  Cluster #38: 6 events, 3 dates, 3 trips, avg speed 28 km/h, ZIP 14207.0, (42.94336, -78.88363)
  Cluster #360: 6 events, 3 dates, 3 trips, avg speed 26 km/h, ZIP 14086.0, (42.90226, -78.67381)
  Cluster #359: 6 events, 3 dates, 3 trips, avg speed 17 km/h, ZIP 14304.0, (43.10214, -78.97963)
  Cluster #394: 6 events, 3 dates, 3 trips, avg speed 49 km/h, ZIP 14701.0, (42.11410, -79.21671)
  Cluster #66: 6 events, 3 dates, 3 trips, avg speed 40 km/h, ZIP 14207.0, (42.94299, -78.87848)
  Cluster #73: 6 events, 3 dates, 3 trips, avg speed 19 km/h, ZIP 14051.0, (43.05142, -78.71392)
  Cluster #77: 6 events, 3 dates, 3 trips, avg speed 25 km/h, ZIP 14043.0, (42.91862, -78.69680)
  Cluster #78: 6 events, 3 dates, 3 trips, avg speed 42 km/h, ZIP 14215.0, (42.94105, -78.81368)
  Cluster #75: 6 events, 3 dates, 3 trips, avg speed 16 km/h, ZIP 14063.0, (42.37952, -79.34718)
  Cluster #54: 6 events, 3 dates, 3 trips, avg speed 39 km/h, ZIP 14203.0, (42.89734, -78.86825)
  Cluster #269: 6 events, 3 dates, 3 trips, avg speed 43 km/h, ZIP 14127.0, (42.79614, -78.79466)
  Cluster #270: 6 events, 3 dates, 3 trips, avg speed 18 km/h, ZIP 14221.0, (42.99881, -78.69709)
  Cluster #260: 6 events, 3 dates, 3 trips, avg speed 19 km/h, ZIP 14221.0, (42.96505, -78.68265)
  Cluster #120: 6 events, 3 dates, 3 trips, avg speed 14 km/h, ZIP 14201.0, (42.89961, -78.87602)
  Cluster #128: 6 events, 3 dates, 3 trips, avg speed 18 km/h, ZIP 14216.0, (42.94759, -78.84169)
  Cluster #243: 6 events, 3 dates, 3 trips, avg speed 27 km/h, ZIP 14127.0, (42.77793, -78.78941)
  Cluster #301: 6 events, 3 dates, 3 trips, avg speed 53 km/h, ZIP 14075.0, (42.77021, -78.81120)
  Cluster #87: 6 events, 3 dates, 3 trips, avg speed 23 km/h, ZIP 14217.0, (42.96344, -78.87871)
  Cluster #88: 6 events, 3 dates, 3 trips, avg speed 31 km/h, ZIP 14216.0, (42.94777, -78.87650)
  Cluster #95: 6 events, 3 dates, 3 trips, avg speed 57 km/h, ZIP 14051.0, (43.05292, -78.72797)
  Cluster #309: 6 events, 3 dates, 3 trips, avg speed 30 km/h, ZIP 14304.0, (43.09931, -78.94118)
  Cluster #92: 6 events, 3 dates, 3 trips, avg speed 84 km/h, ZIP 14206.0, (42.87601, -78.79287)
  Cluster #296: 6 events, 3 dates, 3 trips, avg speed 17 km/h, ZIP 14059.0, (42.80459, -78.66070)
  Cluster #104: 6 events, 3 dates, 3 trips, avg speed 45 km/h, ZIP 14052.0, (42.77168, -78.63365)
  Cluster #299: 6 events, 3 dates, 3 trips, avg speed 31 km/h, ZIP 14216.0, (42.94781, -78.86858)
  Cluster #281: 6 events, 3 dates, 3 trips, avg speed 5 km/h, ZIP 14032.0, (43.00957, -78.65256)
  Cluster #98: 6 events, 3 dates, 3 trips, avg speed 14 km/h, ZIP 14051.0, (43.04616, -78.70692)
  Cluster #279: 6 events, 3 dates, 3 trips, avg speed 36 km/h, ZIP 14214.0, (42.95072, -78.82636)
  Cluster #275: 6 events, 3 dates, 3 trips, avg speed 34 km/h, ZIP 14201.0, (42.90348, -78.88784)
  Cluster #274: 6 events, 3 dates, 3 trips, avg speed 35 km/h, ZIP 14120.0, (43.06019, -78.84126)
  Cluster #133: 6 events, 3 dates, 3 trips, avg speed 40 km/h, ZIP 14211.0, (42.91603, -78.80534)
  Cluster #142: 6 events, 3 dates, 3 trips, avg speed 45 km/h, ZIP 14226.0, (42.98022, -78.81454)
  Cluster #252: 6 events, 3 dates, 3 trips, avg speed 19 km/h, ZIP 14221.0, (42.97169, -78.67708)
  Cluster #249: 6 events, 3 dates, 3 trips, avg speed 38 km/h, ZIP 14025.0, (42.62905, -78.73697)
  Cluster #251: 6 events, 3 dates, 3 trips, avg speed 43 km/h, ZIP 14305.0, (43.11004, -79.03095)
  Cluster #245: 6 events, 3 dates, 3 trips, avg speed 36 km/h, ZIP 14202.0, (42.89544, -78.87297)
  Cluster #233: 6 events, 3 dates, 3 trips, avg speed 30 km/h, ZIP 14203.0, (42.89450, -78.86659)
  Cluster #155: 6 events, 3 dates, 3 trips, avg speed 29 km/h, ZIP 14228.0, (43.01239, -78.82190)
  Cluster #153: 6 events, 3 dates, 3 trips, avg speed 34 km/h, ZIP 14094.0, (43.15958, -78.69685)
  Cluster #130: 6 events, 3 dates, 3 trips, avg speed 23 km/h, ZIP 14305.0, (43.12200, -79.03565)
  Cluster #158: 6 events, 3 dates, 3 trips, avg speed 7 km/h, ZIP 14094.0, (43.18250, -78.76708)
  Cluster #241: 6 events, 3 dates, 3 trips, avg speed 20 km/h, ZIP 14221.0, (42.99095, -78.72470)
  Cluster #175: 6 events, 3 dates, 3 trips, avg speed 25 km/h, ZIP 14086.0, (42.91317, -78.67222)
  Cluster #171: 6 events, 3 dates, 3 trips, avg speed 14 km/h, ZIP 14224.0, (42.80726, -78.75193)
  Cluster #237: 6 events, 3 dates, 3 trips, avg speed 41 km/h, ZIP 14092.0, (43.17275, -79.03107)
  Cluster #169: 6 events, 3 dates, 3 trips, avg speed 45 km/h, ZIP 14215.0, (42.95890, -78.81385)
  Cluster #172: 6 events, 3 dates, 3 trips, avg speed 17 km/h, ZIP 14305.0, (43.12072, -79.04365)
  Cluster #231: 6 events, 3 dates, 3 trips, avg speed 17 km/h, ZIP 14094.0, (43.11332, -78.71414)
  Cluster #185: 6 events, 3 dates, 3 trips, avg speed 36 km/h, ZIP 14150.0, (42.99414, -78.87897)
  Cluster #188: 6 events, 3 dates, 3 trips, avg speed 12 km/h, ZIP 14203.0, (42.88174, -78.87453)
  Cluster #193: 6 events, 3 dates, 3 trips, avg speed 34 km/h, ZIP 14202.0, (42.89896, -78.87408)
  Cluster #202: 6 events, 3 dates, 3 trips, avg speed 22 km/h, ZIP 14221.0, (42.98273, -78.69682)
  Cluster #207: 6 events, 3 dates, 3 trips, avg speed 27 km/h, ZIP 14043.0, (42.91290, -78.67896)
  Cluster #196: 6 events, 3 dates, 3 trips, avg speed 12 km/h, ZIP 14223.0, (42.97642, -78.86436)
  Cluster #9: 6 events, 3 dates, 3 trips, avg speed 32 km/h, ZIP 14211.0, (42.90470, -78.81492)
  Cluster #3: 6 events, 3 dates, 3 trips, avg speed 22 km/h, ZIP 14201.0, (42.88967, -78.87876)
  Cluster #2: 6 events, 3 dates, 3 trips, avg speed 23 km/h, ZIP 14216.0, (42.95329, -78.85180)
  Cluster #276: 5 events, 3 dates, 3 trips, avg speed 61 km/h, ZIP 14043.0, (42.91262, -78.73275)
  Cluster #229: 5 events, 3 dates, 3 trips, avg speed 28 km/h, ZIP 14120.0, (43.05833, -78.83760)
  Cluster #224: 5 events, 3 dates, 3 trips, avg speed 31 km/h, ZIP 14202.0, (42.88399, -78.87611)

--- Interpretation Guide ---
  - High confidence: clusters with 3+ dates, 3+ different journeys
     Fixed road defect (pothole, surface damage, poor drainage)
  - Medium confidence: clusters with 2 dates or same-day repeats
     Possible defect, may also be weather or traffic-related
  - Noise (unclustered): isolated events, likely driver behavior

--- Next Steps ---
  1. Layer 2: overlay HARD_BRAKE events to validate hotspots
  2. Cross-reference wiper/temp data for weather correction
  3. External validation: Buffalo 311 reports / road maintenance
  4. Compute Road Quality Index per geohash grid cell